
Detected NI USB Devices
---------------------------------------------

Found:		USB0::0x3923::0x717a::0197B7D0::RAW	(/dev/bus/usb/001/014)
Confirm:	USB0::0x3923::0x717a::0197B7D0::RAW
2.355587,
2.342855,
2.355587,
2.350494,
2.347948,
2.363226,
2.353040,
2.335216,
2.345401,
2.365772,
2.353040,
2.330123,
2.350494,
2.363226,
2.347948,
2.342855,
2.363226,
2.350494,
2.342855,
2.353040,
2.363226,
2.347948,
2.337762,
2.350494,
2.360680,
2.322484,
2.340308,
2.365772,
2.358133,
2.327577,
2.345401,
2.370865,
2.347948,
2.337762,
2.353040,
2.358133,
2.337762,
2.340308,
2.345401,
2.355587,
2.345401,
2.347948,
2.355587,
2.350494,
2.337762,
2.350494,
2.350494,
2.355587,
2.355587,
2.342855,
2.347948,
2.355587,
2.347948,
2.350494,
2.358133,
2.360680,
2.353040,
2.340308,
2.355587,
2.347948,
2.342855,
2.358133,
2.358133,
2.347948,
2.347948,
2.358133,
2.350494,
2.337762,
2.355587,
2.358133,
2.345401,
2.345401,
2.342855,
2.355587,
2.347948,
2.350494,
2.355587,
2.350494,
2.335216,
2.347948,
2.365772,
2.350494,
2.327577,
2.353040,
2.365772,
2.337762,
2.337762,
2.358133,
2.358133,
2.337762,
2.342855,
2.358133,
2.360680,
2.340308,
2.342855,
2.363226,
2.353040,
2.347948,
2.345401,
2.355587,
2.347948,
2.345401,
2.353040,
2.355587,
2.347948,
2.340308,
2.345401,
2.355587,
2.350494,
2.353040,
2.347948,
2.347948,
2.350494,
2.345401,
2.355587,
2.358133,
2.340308,
2.337762,
2.368319,
2.350494,
2.332669,
2.350494,
2.363226,
2.347948,
2.337762,
2.355587,
2.358133,
2.347948,
2.347948,
2.350494,
2.345401,
2.355587,
2.350494,
2.345401,
2.350494,
2.360680,
2.347948,
2.347948,
2.350494,
2.350494,
2.347948,
2.350494,
2.350494,
2.347948,
2.342855,
2.345401,
2.355587,
2.358133,
2.337762,
2.342855,
2.360680,
2.350494,
2.335216,
2.353040,
2.355587,
2.342855,
2.350494,
2.358133,
2.350494,
2.347948,
2.350494,
2.358133,
2.347948,
2.340308,
2.350494,
2.358133,
2.350494,
2.342855,
2.345401,
2.358133,
2.360680,
2.347948,
2.353040,
2.355587,
2.347948,
2.342855,
2.350494,
2.365772,
2.345401,
2.345401,
2.353040,
2.350494,
2.347948,
2.345401,
2.347948,
2.358133,
2.350494,
2.337762,
2.353040,
2.360680,
2.350494,
2.347948,
2.347948,
2.350494,
2.355587,
2.350494,
2.342855,
2.355587,
2.358133,
2.342855,
2.347948,
2.355587,
2.360680,
2.355587,
2.345401,
2.345401,
2.347948,
2.355587,
2.350494,
2.353040,
2.358133,
2.358133,
2.337762,
2.347948,
2.365772,
2.353040,
2.332669,
2.358133,
2.365772,
2.337762,
2.340308,
2.365772,
2.363226,
2.335216,
2.342855,
2.365772,
2.342855,
2.337762,
2.358133,
2.363226,
2.337762,
2.335216,
2.360680,
2.355587,
2.345401,
2.345401,
2.358133,
2.355587,
2.345401,
2.353040,
2.358133,
2.355587,
2.358133,
2.342855,
2.355587,
2.337762,
2.355587,
2.363226,
2.347948,
2.347948,
2.355587,
2.358133,
2.342855,
2.345401,
2.358133,
2.347948,
2.337762,
2.358133,
2.360680,
2.340308,
2.345401,
2.363226,
2.347948,
2.335216,
2.358133,
2.363226,
2.342855,
2.342855,
2.358133,
2.355587,
2.345401,
2.350494,
2.353040,
2.353040,
2.350494,
2.345401,
2.358133,
2.350494,
2.347948,
2.353040,
2.350494,
2.350494,
2.350494,
2.350494,
2.337762,
2.355587,
2.363226,
2.342855,
2.345401,
2.355587,
2.355587,
2.345401,
2.355587,
2.358133,
2.340308,
2.350494,
2.363226,
2.347948,
2.340308,
2.353040,
2.358133,
2.345401,
2.350494,
2.355587,
2.355587,
2.353040,
2.347948,
2.347948,
2.350494,
2.350494,
2.353040,
2.342855,
2.350494,
2.358133,
2.342855,
2.353040,
2.360680,
2.353040,
2.337762,
2.350494,
2.365772,
2.353040,
2.340308,
2.353040,
2.360680,
2.350494,
2.342855,
2.353040,
2.358133,
2.342855,
2.342855,
2.355587,
2.355587,
2.345401,
2.340308,
2.353040,
2.363226,
2.347948,
2.335216,
2.360680,
2.358133,
2.340308,
2.347948,
2.355587,
2.353040,
2.350494,
2.350494,
2.353040,
2.353040,
2.355587,
2.345401,
2.345401,
2.355587,
2.347948,
2.353040,
2.353040,
2.345401,
2.342855,
2.353040,
2.350494,
2.350494,
2.353040,
2.347948,
2.358133,
2.350494,
2.345401,
2.347948,
2.358133,
2.355587,
2.337762,
2.345401,
2.360680,
2.353040,
2.353040,
2.345401,
2.342855,
2.347948,
2.353040,
2.355587,
2.342855,
2.353040,
2.350494,
2.345401,
2.353040,
2.358133,
2.342855,
2.342855,
2.360680,
2.345401,
2.347948,
2.358133,
2.355587,
2.342855,
2.350494,
2.363226,
2.345401,
2.340308,
2.355587,
2.355587,
2.347948,
2.350494,
2.347948,
2.347948,
2.353040,
2.350494,
2.342855,
2.347948,
2.358133,
2.353040,
2.340308,
2.345401,
2.355587,
2.350494,
2.342855,
2.353040,
2.363226,
2.347948,
2.337762,
2.350494,
2.350494,
2.355587,
2.347948,
2.350494,
2.355587,
2.353040,
2.340308,
2.345401,
2.350494,
2.360680,
2.347948,
2.335216,
2.353040,
2.358133,
2.347948,
2.347948,
2.350494,
2.342855,
2.347948,
2.347948,
2.347948,
2.350494,
2.347948,
2.342855,
2.355587,
2.353040,
2.337762,
2.347948,
2.360680,
2.350494,
2.342855,
2.358133,
2.355587,
2.342855,
2.347948,
2.355587,
2.342855,
2.347948,
2.355587,
2.350494,
2.350494,
2.353040,
2.353040,
2.355587,
2.347948,
2.350494,
2.363226,
2.345401,
2.340308,
2.347948,
2.353040,
2.355587,
2.350494,
2.347948,
2.350494,
2.353040,
2.347948,
2.342855,
2.350494,
2.363226,
2.353040,
2.335216,
2.347948,
2.363226,
2.347948,
2.337762,
2.355587,
2.355587,
2.342855,
2.347948,
2.358133,
2.363226,
2.342855,
2.332669,
2.358133,
2.363226,
2.342855,
2.342855,
2.360680,
2.355587,
2.342855,
