Timestamp: 1501235258.797159    ID: 00400103    010    DLC: 8    00 80 03 2f 00 00 00 01
Timestamp: 1501235259.819112    ID: 00400103    010    DLC: 8    01 80 03 30 00 00 00 03
Timestamp: 1501235260.825710    ID: 00400103    010    DLC: 8    00 80 03 30 00 00 00 03
Timestamp: 1501235261.848709    ID: 00400103    010    DLC: 8    01 80 03 30 00 00 00 01
Timestamp: 1501235262.871582    ID: 00400103    010    DLC: 8    00 80 03 30 00 00 00 04
Timestamp: 1501235263.876800    ID: 00400103    010    DLC: 8    01 80 03 30 00 00 00 01
Timestamp: 1501235264.899708    ID: 00400103    010    DLC: 8    00 80 03 30 00 00 00 01
Timestamp: 1501235265.939051    ID: 00400103    010    DLC: 8    01 80 03 30 00 00 00 04
Timestamp: 1501235266.962052    ID: 00400103    010    DLC: 8    00 80 03 30 00 00 00 01
Timestamp: 1501235267.968542    ID: 00400103    010    DLC: 8    01 80 03 30 00 00 00 01
Timestamp: 1501235268.478716    ID: 06103403    010    DLC: 8    0a 00 00 00 00 00 00 00
Timestamp: 1501235268.986543    ID: 06121d03    010    DLC: 8    00 33 01 00 00 83 00 1c
Timestamp: 1501235268.986546    ID: 00400103    010    DLC: 8    00 80 03 30 00 01 00 03
